607,0,-1253,F1
616,0,-1208,F1
640,0,-1116,F1
674,0,-992,F1
708,0,-902,F1
727,0,-851,F1
727,0,-814,F1
727,0,-777,F1
723,0,-734,F1
723,0,-734,F1
729,0,-656,F1
766,0,-566,F1
802,0,-473,F1
830,0,-334,F1
842,0,-285,F1
851,0,-230,F1
876,0,-166,F1
892,0,-116,F1
898,0,-78,F1
531,0,-1253,F2
563,0,-1198,F2
585,0,-1131,F2
597,0,-1077,F2
615,0,-1017,F2
630,0,-949,F2
649,0,-900,F2
671,0,-825,F2
698,0,-784,F2
705,0,-735,F2
703,0,-663,F2
693,0,-608,F2
678,0,-562,F2
695,0,-493,F2
696,0,-426,F2
696,0,-382,F2
689,0,-332,F2
676,0,-288,F2
665,0,-262,F2

607,0,-1253,115,90,1,F1
708,0,-902,115,90,1,F1
723,0,-734,115,90,1,F1
802,0,-473,115,90,1,F1
876,0,-166,115,90,1,F1
531,0,-1253,115,90,1,F2
615,0,-1017,115,90,1,F2
698,0,-784,115,90,1,F2
678,0,-562,85,90,1,F2
689,0,-332,85,90,1,F2

